001716 03 010621 
021716 03 010621 
031716 03 010621 
031716 03 010621 
041716 03 010621 
041716 03 010621 
051716 03 010621 
051716 03 010621 
061716 03 010621 
061716 03 010621 
071716 03 010621 
071716 03 010621 
081716 03 010621 
081716 03 010621 
091716 03 010621 
091716 03 010621 
101716 03 010621 
101716 03 010621 
111716 03 010621 
111716 03 010621 
121716 03 010621 
131716 03 010621 
141716 03 010621 
151716 03 010621 
161716 03 010621 
171716 03 010621 
181716 03 010621 
191716 03 010621 
201716 03 010621 
211716 03 010621 
221716 03 010621
231716 03 010621 
241716 03 010621 
